8
-13
-100
90
29
-79
9
-93
-42
26
-70
-90
-8
-75
5
-40
-94
-71
-48
36
41
-24
-74
27
99
-27
-90
79
-62
51
25
10
95
-13
20
96
-94
-45
-90
-74
46
-63
82
63
-74
43
-60
-74
94
19
-4
98
-5
-97
17
22
-60
28
76
50
31
76
-47
27
-90
-56
40
49
-48
34
43
-62
-85
68
-72
-22
0
94
-66
2
-15
57
47
-99
-52
94
87
49
-33
-95
-5
-77
84
64
82
31
-97
-7
89
70
-30
-9
-38
-82
-58
-46
-66
-12
46
30
55
-12
-50
-12
-54
-56
27
-52
66
63
80
17
98
-33
-67
-97
-92
-34
63
67
1
40
-60
-59
-29
-77
-66
69
46
71
30
-78
34
17
-57
59
94
-86
17
88
-46
91
70
-14
-53
-74
83
-30
-15
51
-91
25
-80
94
19
-77
15
-23
87
60
-77
-40
-66
-41
71
-81
-7
-12
-74
-71
83
50
-38
56
82
-10
91
95
81
85
11
9
23
86
82
48
10
-12
92
42
-84
-50
-74
-9
91
28
36
29
-99
-39
95
-50
-69
49
-41
-61
1
32
9
27
-54
97
62
70
28
-75
-98
-31
18
-87
13
13
-43
93
-8
-53
-87
62
-26
60
94
-13
96
