-72
18
34
26
-70
80
-61
50
-78
-39
93
-12
-75
-2
45
8
81
27
-23
13
94
-31
76
-63
16
79
18
-3
-16
74
27
-69
-47
-85
66
12
-11
32
-25
-24
-63
11
58
68
59
-78
41
-23
65
47
-89
-36
95
-23
9
81
-84
-76
21
-37
40
63
-46
-34
-13
27
24
-1
-98
9
62
-42
88
-17
-56
-68
-16
19
14
-93
26
48
74
91
-49
-55
11
-93
-65
70
-57
-47
-28
-20
-47
-96
17
89
-100
-18
92
72
-19
-26
-67
-6
-39
61
98
-24
-23
-53
19
91
81
-59
83
56
88
31
-3
-14
-2
2
1
-2
16
45
-87
44
47
-12
58
-47
-9
8
-12
62
-29
75
70
58
-86
51
19
-55
20
-45
-60
-71
-83
-27
-40
3
-34
-26
-34
-100
-4
-17
92
20
-43
-96
-61
-10
-60
-42
-18
-35
73
86
47
-81
27
94
9
-92
-75
-7
-51
51
38
-22
91
-12
21
-17
92
-96
79
7
-1
-13
-76
-35
-35
67
-32
74
-12
30
-74
-80
10
-92
-63
3
74
-15
-6
-29
0
-34
-32
79
10
-10
-92
31
96
-75
45
33
-40
88
-68
40
-59
-4
-52
89
77
18
-3
86
-15
19
-24
30
89
-12
-63
