-88
61
75
-35
16
38
71
49
58
47
-57
-54
96
-99
95
-53
-52
-18
60
-4
3
82
-42
36
40
55
73
-33
35
18
45
-94
-66
96
81
85
-65
11
-63
34
6
88
-15
-32
65
-56
98
-25
-26
-76
33
-54
-22
7
47
-32
-20
78
54
-73
-40
-20
-89
64
59
-46
-1
-79
44
-48
-4
26
8
-52
96
0
-19
60
-52
87
-11
-95
64
67
77
-41
-35
-52
-41
27
-42
-51
-58
83
45
-34
-74
62
79
-63
40
84
-54
73
70
-32
-41
-43
0
55
-24
-57
5
2
-98
56
-83
67
27
51
67
18
41
-70
52
22
88
-70
90
93
2
99
32
-38
66
30
-91
-55
-34
45
-69
-21
-72
-72
-98
-63
62
-37
90
-36
-18
-59
66
-28
-54
-24
86
-14
-30
-32
-82
-29
19
-11
76
-67
-36
36
-64
-88
-43
-82
94
4
21
99
91
-32
54
-1
87
1
-73
36
1
-93
-84
-56
91
-62
6
51
-44
-66
-83
34
-99
11
-98
1
27
97
-98
89
-96
11
64
-41
-72
-85
10
-52
-67
97
-84
34
27
-86
52
13
6
-78
-90
95
83
61
56
15
-31
-24
-4
56
-2
-59
-46
-92
-64
-76
-82
2
-25
-32
54
