79
-55
-34
-50
71
-22
29
-61
-61
11
88
-63
-35
-93
66
73
98
48
87
26
76
-50
-36
-68
71
-23
-68
-41
30
-25
-29
-86
14
98
-52
0
-90
-35
-76
26
63
0
8
94
-50
31
28
61
34
26
20
-47
-60
-19
-12
17
50
8
-56
84
57
15
-72
76
-24
62
92
55
83
84
16
86
82
-24
-37
-41
-20
-3
95
-19
-22
-73
-7
65
9
50
83
7
-54
-43
31
53
-31
25
99
-12
-91
-56
-25
3
-90
14
47
-66
38
-7
-78
-18
-9
-90
-23
21
63
6
-99
-54
-51
69
-58
-26
-26
13
-78
-94
56
-90
-60
96
-97
-89
75
-72
-73
-24
-48
-31
-77
53
-21
-33
31
5
64
-6
64
71
-43
-61
-33
-43
-53
76
42
11
89
-11
9
41
7
-1
53
-63
51
34
42
29
-92
-16
45
59
73
26
-1
96
-24
75
45
-57
72
95
-47
-65
-58
-36
-92
41
80
-61
-44
-1
-78
56
85
-27
48
24
-3
85
47
51
-47
-69
60
43
96
87
-69
-56
-29
-34
-11
-78
46
41
52
-39
96
72
63
51
58
74
-28
-6
63
-75
8
-50
-28
-76
52
57
28
-25
20
84
-25
63
73
41
-71
-77
-25
