-40
61
-72
-86
-65
-1
-1
-18
95
-23
-49
-94
-8
-25
-63
-36
78
9
86
-100
-12
-75
-70
-66
31
29
18
-31
83
17
-1
63
-48
-55
99
-11
31
51
29
-75
34
-52
-10
77
-68
-21
51
-84
77
82
-85
-56
74
37
-11
84
-84
87
-90
89
74
-66
-83
68
-1
-19
-61
-62
2
33
-85
70
97
-68
70
73
-73
9
-3
50
28
-93
-52
95
-40
46
-51
-68
23
57
45
77
66
12
16
14
4
99
88
81
45
17
-73
-51
-57
71
-79
-36
-79
28
-82
38
-26
-71
7
-65
1
-84
72
83
-98
16
-30
65
-2
89
34
57
5
97
43
-87
83
35
6
32
-40
-71
-45
18
-84
-21
86
1
22
16
-20
24
15
79
-67
45
-20
-87
94
80
30
-85
56
-14
-93
-99
49
47
84
34
93
89
-54
-98
-21
16
-48
-2
-73
88
16
54
65
-51
89
-70
-17
-12
93
-100
-69
26
-62
53
47
94
57
-61
69
-1
16
68
90
93
2
47
46
49
-98
-9
5
-77
36
23
-69
-37
-31
58
85
29
-63
-98
96
-92
56
-24
11
-83
-85
-51
30
87
33
-87
22
-40
13
65
50
-83
-15
-53
-81
-23
-74
77
20
