54
-79
-60
3
-80
-14
23
0
-30
-44
-38
62
-63
-1
-43
-40
77
34
90
88
43
93
0
-37
3
53
8
-85
37
59
23
-54
-77
64
93
90
-26
-17
-52
-95
-50
-88
-99
-70
-36
3
58
37
-98
2
-91
-18
-12
96
70
54
59
28
7
-5
48
19
-59
-56
-89
77
-29
11
-48
46
78
96
85
-59
-2
2
-82
-3
-3
9
-2
38
57
71
-48
-69
-94
-18
71
-45
-80
45
0
-19
1
-61
7
-80
-19
-28
-99
-26
-84
-2
94
53
0
19
-76
-73
37
45
60
94
-64
98
-53
-43
30
-74
-64
-53
7
-20
-69
69
51
20
22
-59
55
33
60
-6
3
-30
62
-54
-67
17
-4
-59
24
-34
96
15
10
-40
-26
-80
-17
-7
4
-56
-25
36
2
0
63
-21
44
-83
64
-95
80
77
90
0
23
17
81
83
42
55
-17
-22
-33
-87
99
-15
36
-68
-69
-38
0
-9
-54
75
40
93
54
-80
-94
-40
-89
50
0
67
-13
74
76
35
-51
49
-92
55
-24
10
40
-53
81
52
50
-89
37
21
-97
-34
16
-34
-58
96
47
87
6
-9
0
9
-84
1
-85
-55
-24
-63
66
95
51
0
-12
-6
24
30
-83
