-3
-6
-80
36
-55
-22
-78
58
-8
-98
-67
-15
-16
42
-40
47
-8
-9
-73
85
62
-67
-79
-43
-92
-28
-7
1
-21
-75
12
-19
89
-71
-60
80
-45
-49
40
65
52
66
96
-16
84
-64
53
-46
-75
-38
84
-76
4
-60
-62
-59
-99
58
-23
14
29
-93
94
34
-45
66
-16
39
-42
87
-15
45
-47
-74
0
0
0
-83
-57
-17
-15
-63
-60
18
0
71
91
25
-21
-100
-20
-10
-28
-92
25
28
50
62
71
1
-85
-10
69
95
-17
-62
-69
3
-97
-19
78
-84
90
-48
-74
-13
68
-33
-48
94
-62
28
36
85
23
7
-41
-94
89
8
-31
-35
17
23
10
-83
79
-38
-3
-62
-47
-28
81
42
96
-79
-17
53
-97
30
-85
59
67
-34
-5
-38
-1
-35
-76
-15
7
-36
65
73
-59
-66
-79
35
-48
21
-28
43
-50
-100
-82
32
35
87
77
-14
-4
-30
-39
-60
78
35
-34
65
47
0
-41
-12
12
-52
28
72
-78
-79
-68
64
58
-78
99
0
-72
-98
9
55
5
13
35
15
99
-82
-63
61
-98
43
1
-73
-53
91
30
81
50
74
82
-28
19
80
49
91
48
2
-67
-5
-25
-51
-40
-95
-77
-76
-87
