-58
-81
38
3
28
57
-18
50
-30
-29
45
-5
-79
63
68
-99
89
-41
88
89
-9
81
41
20
3
98
97
34
-56
-43
-55
51
-57
-40
54
-100
-71
-67
-22
92
96
81
80
-26
60
0
23
-77
0
-28
98
95
37
-4
89
52
-43
76
-80
61
3
-22
63
-75
-46
-26
9
1
41
-56
-2
-86
-19
-16
5
-72
37
62
94
-93
52
-10
-75
-18
60
64
-22
-45
-32
-45
0
-38
-52
-56
-93
-67
56
33
-10
-24
2
19
0
75
-86
-68
-25
81
73
67
17
-35
-31
-42
-14
-21
12
-69
84
76
-35
-21
60
-17
90
-62
27
-29
-67
-71
5
23
42
53
68
-46
38
63
-57
-52
52
0
-8
-67
-56
26
-23
55
41
-37
30
73
48
-88
13
59
34
95
-85
67
-42
-99
38
14
-83
-67
90
71
56
-45
-100
65
-78
28
65
66
-71
-93
96
34
42
74
61
-42
-73
-39
-96
-32
0
24
40
-98
-63
-83
92
-35
80
56
1
0
-23
40
63
-94
11
66
-8
-36
-45
7
81
-17
98
-42
66
-13
76
89
-58
-92
-92
-16
26
19
99
-20
59
-8
66
1
10
-11
58
-29
59
-8
-71
91
56
0
75
7
8
