-29
59
15
-66
-32
-22
-17
85
79
-18
-36
59
0
-77
-1
-34
-1
83
-10
15
-94
86
-7
45
46
0
74
24
92
-23
36
0
-52
32
-72
-11
93
34
90
0
40
58
-99
58
-24
-81
55
52
4
-4
-98
4
87
67
70
-18
-69
76
0
61
-63
-22
-84
-58
82
-7
72
-45
61
-36
61
-8
-34
60
54
31
-35
31
-77
35
82
-63
81
-68
61
-35
-71
84
88
27
88
-66
28
-93
66
32
28
-37
5
0
20
50
71
-36
-77
-54
0
81
-97
-89
-81
-61
-62
29
6
0
61
55
18
8
-45
0
-18
85
93
-4
31
-37
-80
35
0
-15
34
17
-85
66
-2
1
-3
4
54
-16
0
-93
-51
-9
1
53
41
38
29
-74
4
-52
-52
64
74
-72
49
64
-42
76
-84
-8
-89
-33
24
8
35
-70
78
-24
-87
-2
-55
-42
35
-95
59
75
42
-12
22
31
-35
20
-17
0
-17
-84
-10
24
-82
-68
58
85
50
10
69
-48
-65
87
16
-6
-92
-15
60
66
-65
13
87
-79
59
-92
-60
3
70
2
-43
-52
94
-76
-68
-45
-5
-84
0
91
68
-95
30
-20
1
23
-58
18
-80
-24
36
88
-33
-79
83
