-57
-52
-33
-46
67
22
-57
0
0
24
35
-10
-28
-79
99
-62
-70
-5
-18
36
-34
5
-36
-87
32
-83
-74
76
-10
-11
-91
-10
-39
-44
-18
-93
-22
18
90
45
-70
90
62
65
87
-39
65
-21
19
-24
90
-25
53
-75
-76
60
78
-25
-3
-12
-89
-71
74
6
35
-81
88
20
8
-42
-50
-23
-90
-77
22
-88
23
-14
-18
-5
-39
-98
68
79
43
-40
0
45
-34
45
22
-87
16
-63
-35
-5
98
5
-5
-47
40
71
-69
-34
16
53
-27
45
86
-32
0
-36
85
34
90
87
29
15
74
72
99
71
2
18
-14
83
42
-77
90
-11
-57
84
71
-22
46
59
-99
75
-55
-61
-46
-79
0
4
-41
0
-60
-19
4
45
-8
-58
27
-45
-11
47
25
87
-93
-31
-47
-57
1
-41
-5
62
-7
-2
-78
0
39
50
1
10
41
-65
-93
-9
-18
75
-21
-43
-93
-21
-50
-8
-35
39
-60
89
13
-23
96
38
53
90
-52
79
-17
78
17
-73
-17
77
-93
-69
-85
33
22
19
-81
-19
37
-76
-86
29
-89
-79
-22
-78
-31
12
55
-70
64
20
-26
7
14
-26
-71
-88
76
75
0
11
32
-22
36
-48
-11
3
-73
