-90
-50
-77
62
67
-25
-94
13
0
-55
18
76
19
35
-34
-81
17
13
37
-79
19
-91
-91
93
60
-33
-85
75
-77
52
-60
17
-42
-94
67
-10
37
84
-32
84
23
-83
-81
75
73
-14
89
98
44
-19
-70
69
-66
64
-3
84
98
-33
95
90
-33
-56
37
-88
50
29
-97
-1
85
-39
-88
91
68
-59
-82
93
-73
-36
-4
-5
45
-32
14
90
-94
-56
-59
55
59
21
-5
-94
-66
-44
-90
-82
11
-85
-6
-3
89
-7
-35
90
-35
-66
53
66
-89
82
96
-20
-35
-79
72
52
-72
72
-9
97
0
85
-10
95
-15
14
43
-64
-48
-81
-57
-41
20
49
12
72
-92
-79
-54
38
-29
0
23
-58
-97
99
-34
-65
-13
-67
-45
12
75
59
-41
-88
-88
-68
37
30
39
89
-81
-96
54
51
63
-6
-57
0
59
-77
-59
62
15
-63
-33
-16
5
-5
46
-93
-57
-62
6
-15
30
-27
-46
1
-43
28
96
7
10
59
-14
-11
45
-16
-50
-26
74
48
18
-67
-9
-7
-19
1
69
71
-31
34
94
-73
-66
-50
-32
34
-89
52
57
99
0
-68
59
-20
-58
-29
-95
-84
56
-25
0
1
-57
69
78
-98
5
86
28
