94
36
-2
77
-65
-45
-28
35
87
-95
41
-86
-37
83
88
-60
6
-100
-79
32
16
-4
-71
85
-8
-99
11
-1
-2
90
-82
48
8
60
24
-84
-12
-94
46
-35
-59
-40
-1
62
-4
-80
8
-34
74
-2
-96
-24
42
40
14
25
-26
-54
-10
-5
38
56
18
42
24
41
8
52
36
-43
-6
3
33
-57
49
87
99
73
41
59
12
-90
-68
77
-85
30
39
-63
37
-89
48
78
-63
-62
-69
-76
-24
-69
0
-46
-61
-75
-40
7
63
-77
-2
7
-94
46
-68
-66
27
70
63
3
-23
64
-59
23
-70
-3
29
80
-40
91
75
4
76
99
-17
-61
-30
-99
-95
55
6
-52
-27
19
-31
12
11
-22
3
8
-35
13
-13
80
-69
-93
18
29
-95
-82
21
21
3
43
-81
14
-78
-14
-50
28
-57
-2
-90
-47
-7
19
91
31
22
67
-34
-40
0
8
-75
-88
-98
33
57
48
82
-28
41
23
-12
29
2
-45
31
-69
60
-53
78
-34
73
57
94
11
36
-87
49
36
-81
-43
52
-16
-45
-55
67
-53
-100
29
1
24
54
-81
35
-13
24
-35
-17
-55
2
-3
98
-97
-42
44
-21
-4
13
-17
33
-54
-64
71
79
