-40
61
-72
-86
-65
-1
-1
-18
95
-23
-49
-94
-8
-25
-63
-36
78
9
86
-100
-12
-75
-70
-66
31
29
18
-31
83
17
-1
63
-48
-55
99
-11
31
51
29
-75
34
-52
-10
77
-68
-21
51
-84
77
82
-85
-56
74
37
-11
84
-84
87
-90
89
74
-66
-83
68
-1
-19
-61
-62
2
33
-85
70
97
-68
70
73
-73
9
-3
50
28
-93
-52
95
-40
46
-51
19
-24
-16
45
32
66
-14
16
-10
-7
81
88
81
87
17
-39
-51
-32
71
-79
13
-79
28
-82
62
-40
-71
7
-65
1
41
-47
-28
32
16
-30
65
68
89
45
-48
5
-50
93
-87
-80
-54
98
5
-40
-71
-54
18
-84
-21
86
-9
22
16
66
-87
72
86
-67
56
-20
-87
94
80
88
56
56
-56
54
32
49
47
84
34
93
89
-54
-98
-21
16
-48
-2
-73
88
16
54
65
-51
89
-70
-17
-12
93
-100
-69
26
-62
53
47
94
57
-61
69
-1
16
68
90
93
2
47
46
49
-98
-9
5
-77
36
23
-69
-37
-31
58
85
29
-63
-98
96
-92
56
-24
11
-83
-85
-51
30
87
33
-87
22
-40
13
65
50
-83
-15
-53
-81
-23
-74
77
20
