79
-55
-34
-50
71
-22
29
-61
-61
11
88
-63
-35
-93
66
73
98
48
87
26
76
-50
-36
-68
71
-23
-68
-41
30
-25
-29
-86
14
98
-52
0
-90
-35
-76
26
63
0
8
94
-50
31
28
61
34
26
20
-47
-60
-19
-12
17
50
8
-56
84
57
15
-72
76
-24
62
92
55
83
84
16
86
82
-24
-37
-41
-20
-3
95
-19
-22
-14
-7
-16
9
50
83
-52
88
-43
-44
53
-31
67
99
-12
-43
-96
-25
3
-25
14
-35
-66
38
71
-78
92
-9
71
-23
84
22
66
11
85
-51
30
-58
-26
61
-51
-78
-94
92
0
-61
2
-97
-99
72
-72
-73
30
-48
-44
-77
53
-21
-33
31
0
73
74
-51
-72
-48
-44
-33
-89
62
76
-95
47
-1
-93
9
59
-54
-1
53
-34
51
34
42
29
-92
-16
45
59
73
26
-1
96
-24
75
45
-57
72
95
-47
-65
-58
-36
-92
41
80
-61
-44
-1
-78
56
85
-27
48
24
-3
85
47
51
-47
-69
60
43
96
87
-69
-56
-29
-34
-11
-78
46
41
52
-39
96
72
63
51
58
74
-28
-6
63
-75
8
-50
-28
-76
52
57
28
-25
20
84
-25
63
73
41
-71
-77
-25
