8
-13
-100
90
29
-79
9
-93
-42
26
-70
-90
-8
-75
5
-40
-94
-71
-48
36
41
-24
-74
27
99
-27
-90
79
-62
51
25
10
95
-13
20
96
-94
-45
-90
-74
46
-63
82
63
-74
43
-60
-74
94
19
-4
98
-5
-97
17
22
-60
28
76
50
31
76
-47
27
-90
-56
40
49
-48
34
43
-62
-85
68
-72
-22
0
94
-66
2
-15
57
-43
-88
-20
81
87
49
-33
-99
-5
91
84
63
-82
31
-97
-7
89
70
-30
-91
28
35
-58
33
-66
-3
46
-84
55
-12
-50
-12
-54
15
-25
66
-70
63
80
-58
98
-33
-67
-97
-92
-34
63
67
-40
26
-91
-59
28
-56
-66
69
47
71
91
-78
34
17
-39
-50
-51
84
-65
88
39
-93
-35
-14
-87
52
83
27
-15
4
-91
33
-80
94
19
-77
15
-23
87
60
-77
-40
-66
-41
71
-81
-7
-12
-74
-71
83
50
-38
56
82
-10
91
95
81
85
11
9
23
86
82
48
10
-12
92
42
-84
-50
-74
-9
91
28
36
29
-99
-39
95
-50
-69
49
-41
-61
1
32
9
27
-54
97
62
70
28
-75
-98
-31
18
-87
13
13
-43
93
-8
-53
-87
62
-26
60
94
-13
96
