-41
99
-3
-12
-12
-60
-13
-48
67
95
10
3
-17
16
14
-85
65
-24
89
-30
-32
-10
-81
-87
78
-50
-23
33
53
93
-93
-40
35
-20
93
-54
-47
93
74
98
22
-13
41
62
84
-49
64
12
63
-24
-32
97
-4
64
-60
-85
-95
99
20
77
-2
-51
72
62
26
-46
-9
-9
75
24
-59
82
-50
6
-30
-92
46
22
82
85
-49
10
89
9
-20
-40
93
-16
-2
-35
-14
1
35
26
-23
72
-95
32
89
-40
75
-93
-70
-87
-58
81
-69
-84
28
16
80
67
-63
-60
41
29
66
88
35
97
-75
41
67
-46
-64
-4
68
28
34
-94
-38
-96
-8
-77
-10
-9
53
71
-35
35
72
-58
-11
71
87
-7
-20
79
22
14
-83
30
42
67
-28
54
46
74
93
-56
71
-77
54
-46
-12
-89
25
81
-80
12
-28
-50
-42
-36
30
15
51
-63
-16
-78
-56
-42
62
58
-90
-20
37
-67
21
-25
-100
-20
56
-28
37
42
-4
61
-90
56
72
-94
-11
95
-56
-58
-65
-64
-31
-55
-71
-31
-56
69
91
-85
-27
-89
-9
61
85
-78
14
54
17
12
49
81
-48
40
0
86
-27
0
-12
-41
92
72
-91
48
-99
8
-8
