-88
61
75
-35
16
38
71
49
58
47
-57
-54
96
-99
95
-53
-52
-18
60
-4
3
82
-42
36
40
55
73
-33
35
18
45
-94
-66
96
81
85
-65
11
-63
34
6
88
-15
-32
65
-56
98
-25
-26
-76
33
-54
-22
7
47
-32
-20
78
54
-73
-40
-20
-89
64
59
-46
-1
-79
44
-48
-4
26
8
-52
96
0
-19
60
-52
87
-11
-95
89
45
-54
-41
63
-52
-41
27
-25
-51
-58
12
45
-34
-32
86
79
-63
45
-24
-54
4
-42
-96
54
-43
0
19
-24
-57
-42
2
-98
76
75
67
-74
51
67
-6
41
84
52
17
88
-48
62
-8
2
99
10
8
-3
-23
91
-5
-34
15
25
-45
37
-11
-98
87
62
-37
28
47
-44
35
-43
-28
-54
-24
-50
-14
-30
-32
-82
-64
19
-11
76
-67
-36
36
-64
-88
-43
-82
94
4
21
99
91
-32
54
-1
87
1
-73
36
1
-93
-84
-56
91
-62
6
51
-44
-66
-83
34
-99
11
-98
1
27
97
-98
89
-96
11
64
-41
-72
-85
10
-52
-67
97
-84
34
27
-86
52
13
6
-78
-90
95
83
61
56
15
-31
-24
-4
56
-2
-59
-46
-92
-64
-76
-82
2
-25
-32
54
