8
-13
-100
90
29
-79
9
-93
-42
26
-70
-90
-8
-75
5
-40
-94
-71
-48
36
41
-24
-74
27
99
-27
-90
79
-62
51
25
10
95
-13
20
96
-94
-45
-90
-74
46
-63
82
63
-74
43
-60
-74
94
19
-4
98
-5
-97
17
22
-60
28
76
50
31
76
-47
27
-90
-56
40
49
-48
34
43
-62
-85
68
-72
-22
0
94
-66
2
-15
99
56
-21
-2
-59
-50
-93
-97
-79
15
-10
-44
-22
61
19
-74
-62
42
-23
-34
74
-23
-23
-58
89
25
-14
59
-72
-76
29
-50
-12
-54
47
-78
-75
-70
63
-47
-25
98
-25
-67
-76
32
-82
63
67
-40
7
46
38
-36
48
18
52
-71
17
91
-78
67
17
40
78
-51
84
91
-50
-3
-93
58
-13
-87
52
-37
-44
-15
6
79
-47
-80
94
19
-77
15
-23
87
60
-77
-40
-66
-41
71
-81
-7
-12
-74
-71
83
50
-38
56
82
-10
91
95
81
85
11
9
23
86
82
48
10
-12
92
42
-84
-50
-74
-9
91
28
36
29
-99
-39
95
-50
-69
49
-41
-61
1
32
9
27
-54
97
62
70
28
-75
-98
-31
18
-87
13
13
-43
93
-8
-53
-87
62
-26
60
94
-13
96
