-40
61
-72
-86
-65
-1
-1
-18
95
-23
-49
-94
-8
-25
-63
-36
78
9
86
-100
-12
-75
-70
-66
31
29
18
-31
83
17
-1
63
-48
-55
99
-11
31
51
29
-75
34
-52
-10
77
-68
-21
51
-84
77
82
-85
-56
74
37
-11
84
-84
87
-90
89
74
-66
-83
68
-1
-19
-61
-62
2
33
-85
70
97
-68
70
73
-73
9
-3
50
28
-93
-24
95
-23
46
35
7
26
60
83
-52
-81
-95
98
-82
-7
-26
73
-37
87
8
-91
37
-72
12
15
55
-98
26
96
44
-40
4
90
-65
1
7
-47
-28
90
19
31
-77
73
-46
45
16
11
-50
68
60
46
57
-65
-67
78
-71
-54
-40
-84
-21
-73
-3
-17
94
3
-25
40
86
55
81
88
82
94
80
70
-9
62
46
-26
32
49
47
84
34
93
89
-54
-98
-21
16
-48
-2
-73
88
16
54
65
-51
89
-70
-17
-12
93
-100
-69
26
-62
53
47
94
57
-61
69
-1
16
68
90
93
2
47
46
49
-98
-9
5
-77
36
23
-69
-37
-31
58
85
29
-63
-98
96
-92
56
-24
11
-83
-85
-51
30
87
33
-87
22
-40
13
65
50
-83
-15
-53
-81
-23
-74
77
20
