-72
18
34
26
-70
80
-61
50
-78
-39
93
-12
-75
-2
45
8
81
27
-23
13
94
-31
76
-63
16
79
18
-3
-16
74
27
-69
-47
-85
66
12
-11
32
-25
-24
-63
11
58
68
59
-78
41
-23
65
47
-89
-36
95
-23
9
81
-84
-76
21
-37
40
63
-46
-34
-13
27
24
-1
-98
9
62
-42
88
-17
-56
-68
-16
19
14
-93
26
-65
-75
74
77
38
-55
34
-53
46
50
-47
-27
30
17
-99
1
-10
-45
60
-38
-58
-50
55
98
-6
-39
-86
10
-57
94
12
-57
-35
70
80
84
23
-86
14
-73
18
-25
61
25
69
-29
-96
-3
-26
-63
-65
40
71
97
-2
-12
-26
-45
-44
84
-38
8
51
89
84
-25
4
0
-70
58
26
38
50
-40
-62
-10
-89
-18
-26
71
51
-43
-96
-61
-10
-60
-42
-18
-35
73
86
47
-81
27
94
9
-92
-75
-7
-51
51
38
-22
91
-12
21
-17
92
-96
79
7
-1
-13
-76
-35
-35
67
-32
74
-12
30
-74
-80
10
-92
-63
3
74
-15
-6
-29
0
-34
-32
79
10
-10
-92
31
96
-75
45
33
-40
88
-68
40
-59
-4
-52
89
77
18
-3
86
-15
19
-24
30
89
-12
-63
