79
-55
-34
-50
71
-22
29
-61
-61
11
88
-63
-35
-93
66
73
98
48
87
26
76
-50
-36
-68
71
-23
-68
-41
30
-25
-29
-86
14
98
-52
0
-90
-35
-76
26
63
0
8
94
-50
31
28
61
34
26
20
-47
-60
-19
-12
17
50
8
-56
84
57
15
-72
76
-24
62
92
55
83
84
16
86
82
-24
-37
-41
-20
-3
95
-19
-22
94
-92
44
-7
-58
3
41
28
52
-44
-44
-31
-37
99
-45
-73
-96
-74
16
-25
-48
91
96
43
32
22
92
-9
71
60
15
22
-32
9
8
-51
90
95
22
61
78
88
-94
92
35
37
2
-26
-99
92
-72
2
-96
-38
-44
28
88
43
88
-96
-2
73
74
-51
-87
-91
20
16
93
-58
-84
-62
47
-1
-38
50
-4
-40
84
53
-1
51
34
42
29
-92
-16
45
59
73
26
-1
96
-24
75
45
-57
72
95
-47
-65
-58
-36
-92
41
80
-61
-44
-1
-78
56
85
-27
48
24
-3
85
47
51
-47
-69
60
43
96
87
-69
-56
-29
-34
-11
-78
46
41
52
-39
96
72
63
51
58
74
-28
-6
63
-75
8
-50
-28
-76
52
57
28
-25
20
84
-25
63
73
41
-71
-77
-25
