7
-17
-96
21
-81
-38
16
-85
35
-41
0
16
-73
20
-99
-59
19
19
63
-24
-91
87
10
39
-92
-28
-42
-66
-33
-4
-52
71
-91
73
-60
-28
-11
-9
-80
51
-72
-62
-67
-90
60
-81
10
37
11
90
-65
38
8
34
-8
54
97
67
-74
-5
-20
31
-58
87
34
-38
96
-20
21
86
8
83
97
-72
67
63
-18
27
-28
-74
-71
79
-55
-19
45
-98
-72
12
10
-94
-41
-89
32
-100
75
65
66
42
12
-98
79
38
-73
36
31
37
76
-25
1
35
-33
97
-2
-19
46
-16
-27
6
-69
-43
94
41
-33
77
-9
-96
-98
82
44
-7
-37
46
99
-45
-79
4
74
-39
-54
58
-3
57
82
-75
-54
56
57
-81
-10
16
-63
-98
60
46
-90
-23
-49
-16
97
50
-80
28
-63
78
-47
-34
29
74
-10
31
67
97
-60
-52
-92
-98
43
72
-3
90
-17
40
44
-84
-91
69
-94
43
48
-90
-11
65
0
86
36
-61
-55
85
-55
51
92
27
56
-57
59
53
1
94
-10
22
-39
-39
-83
-47
77
-41
-26
82
20
92
-68
-77
28
55
-61
-41
-60
-70
-56
21
-19
47
-60
82
1
68
-34
-47
33
15
19
46
-97
