-41
99
-3
-12
-12
-60
-13
-48
67
95
10
3
-17
16
14
-85
65
-24
89
-30
-32
-10
-81
-87
78
-50
-23
33
53
93
-93
-40
35
-20
93
-54
-47
93
74
98
22
-13
41
62
84
-49
64
12
63
-24
-32
97
-4
64
-60
-85
-95
99
20
77
-2
-51
72
62
26
-46
-9
-9
75
24
-59
82
-50
6
-30
-92
46
22
82
85
-49
-93
-32
-41
-86
-63
-94
-85
-2
13
-52
-35
35
34
-23
-49
-41
-47
-16
86
49
-2
16
0
97
8
31
22
-8
-17
-100
34
-29
-60
55
-80
97
88
15
97
-75
-55
-31
-6
-64
-4
55
-85
-72
90
-38
87
-95
66
-46
-41
53
65
34
-18
-66
92
-71
-74
87
-70
-20
84
18
42
98
-89
69
99
-28
-19
51
29
93
-56
18
-79
54
-46
-12
-89
25
81
-80
12
-28
-50
-42
-36
30
15
51
-63
-16
-78
-56
-42
62
58
-90
-20
37
-67
21
-25
-100
-20
56
-28
37
42
-4
61
-90
56
72
-94
-11
95
-56
-58
-65
-64
-31
-55
-71
-31
-56
69
91
-85
-27
-89
-9
61
85
-78
14
54
17
12
49
81
-48
40
0
86
-27
0
-12
-41
92
72
-91
48
-99
8
-8
