94
36
-2
77
-65
-45
-28
35
87
-95
41
-86
-37
83
88
-60
6
-100
-79
32
16
-4
-71
85
-8
-99
11
-1
-2
90
-82
48
8
60
24
-84
-12
-94
46
-35
-59
-40
-1
62
-4
-80
8
-34
74
-2
-96
-24
42
40
14
25
-26
-54
-10
-5
38
56
18
42
24
41
8
52
36
-43
-6
3
33
-57
49
87
99
73
41
59
12
-90
-5
65
-4
30
39
-41
37
-89
-93
-88
-7
-62
72
-76
-17
-69
0
-46
-61
-75
-85
7
63
-77
80
-100
-94
26
-68
-66
-56
45
63
3
-23
-33
-59
23
97
83
-46
80
5
91
75
4
65
99
91
-92
14
-99
83
55
-70
-52
-72
-98
-31
6
11
-9
72
-85
-35
13
-13
65
-4
-92
91
29
42
-82
-70
5
38
97
-70
14
-78
-14
-50
28
-57
-2
-90
-47
-7
19
91
31
22
67
-34
-40
0
8
-75
-88
-98
33
57
48
82
-28
41
23
-12
29
2
-45
31
-69
60
-53
78
-34
73
57
94
11
36
-87
49
36
-81
-43
52
-16
-45
-55
67
-53
-100
29
1
24
54
-81
35
-13
24
-35
-17
-55
2
-3
98
-97
-42
44
-21
-4
13
-17
33
-54
-64
71
79
