-88
61
75
-35
16
38
71
49
58
47
-57
-54
96
-99
95
-53
-52
-18
60
-4
3
82
-42
36
40
55
73
-33
35
18
45
-94
-66
96
81
85
-65
11
-63
34
6
88
-15
-32
65
-56
98
-25
-26
-76
33
-54
-22
7
47
-32
-20
78
54
-73
-40
-20
-89
64
59
-46
-1
-79
44
-48
-4
26
8
-52
96
0
-19
60
-52
87
-11
-20
89
45
49
-18
43
-52
-41
-36
3
-51
-76
67
53
-10
-32
-85
79
-63
-70
-24
-63
-94
-67
6
54
88
0
74
-76
-57
-64
12
30
-61
-74
-14
-82
51
0
-6
-42
-53
-32
17
88
62
-23
-8
-38
99
82
79
-53
-7
91
-5
79
15
81
-45
17
-11
-89
82
37
-37
89
47
-44
35
9
17
7
-62
-50
-14
43
-32
-63
-64
19
-11
76
-67
-36
36
-64
-88
-43
-82
94
4
21
99
91
-32
54
-1
87
1
-73
36
1
-93
-84
-56
91
-62
6
51
-44
-66
-83
34
-99
11
-98
1
27
97
-98
89
-96
11
64
-41
-72
-85
10
-52
-67
97
-84
34
27
-86
52
13
6
-78
-90
95
83
61
56
15
-31
-24
-4
56
-2
-59
-46
-92
-64
-76
-82
2
-25
-32
54
